0100009665277167930000890164305577000202306221430A                                                                                                                                                                          
06000000000000000000000000000000000000781666963442000000000000000000428600943267002140000000000000142023050600000000000000000000000000000000000000000000000000000000000000000000000000000000000000
06000000000000000000000000000000000000262933009472000000000000000000760170979675002140000000000000142023042900000000000000000000000000000000000000000000000000000000000000000000000000000000000000
06000000000000000000000000000000000000697239119732000000000000000000569121016557002140000000000000142023042500000000000000000000000000000000000000000000000000000000000000000000000000000000000000
06000000000000000000000000000000000000631560666357000000000000000000777577588956002140000000000000142023051900000000000000000000000000000000000000000000000000000000000000000000000000000000000000
06000000000000000000000000000000000000551027190966000000000000000000441974774187002140000000000000142023043000000000000000000000000000000000000000000000000000000000000000000000000000000000000000
06000000000000000000000000000000000000236955532483000000000000000000723947506030002140000000000000142023051100000000000000000000000000000000000000000000000000000000000000000000000000000000000000
06000000000000000000000000000000000000632857981559000000000000000000147868510859002140000000000000142023050400000000000000000000000000000000000000000000000000000000000000000000000000000000000000
06000000000000000000000000000000000000540774313430000000000000000000619782231124002140000000000000142023050200000000000000000000000000000000000000000000000000000000000000000000000000000000000000
06000000000000000000000000000000000000257635231039000000000000000000624160900505002140000000000000142023052200000000000000000000000000000000000000000000000000000000000000000000000000000000000000
06000000000000000000000000000000000000616281780540000000000000000000169370928871002140000000000000142023042600000000000000000000000000000000000000000000000000000000000000000000000000000000000000
06000000000000000000000000000000000000196812852950000000000000000000991499301179002140000000000000142023042800000000000000000000000000000000000000000000000000000000000000000000000000000000000000
06000000000000000000000000000000000000681525311975000000000000000000977822311986002140000000000000142023051800000000000000000000000000000000000000000000000000000000000000000000000000000000000000
06000000000000000000000000000000000000465240681892000000000000000000223201655326002140000000000000142023042300000000000000000000000000000000000000000000000000000000000000000000000000000000000000
06000000000000000000000000000000000000689888538693000000000000000000490708454069002140000000000000142023042400000000000000000000000000000000000000000000000000000000000000000000000000000000000000
06000000000000000000000000000000000000753089874245000000000000000000285166331678002140000000000000142023050400000000000000000000000000000000000000000000000000000000000000000000000000000000000000
06000000000000000000000000000000000000170353302930000000000000000000191933584304002140000000000000142023051600000000000000000000000000000000000000000000000000000000000000000000000000000000000000
06000000000000000000000000000000000000287589904347000000000000000000220673237202002140000000000000142023050800000000000000000000000000000000000000000000000000000000000000000000000000000000000000
06000000000000000000000000000000000000596398842223000000000000000000549259488331002140000000000000142023050300000000000000000000000000000000000000000000000000000000000000000000000000000000000000
06000000000000000000000000000000000000740190980334000000000000000000112827950625002140000000000000142023051300000000000000000000000000000000000000000000000000000000000000000000000000000000000000
06000000000000000000000000000000000000263773089123000000000000000000788924248985002140000000000000142023043000000000000000000000000000000000000000000000000000000000000000000000000000000000000000
06000000000000000000000000000000000000851819820758000000000000000000539152500768002140000000000000142023042400000000000000000000000000000000000000000000000000000000000000000000000000000000000000
06000000000000000000000000000000000000854499532830000000000000000000854053692079002140000000000000142023051500000000000000000000000000000000000000000000000000000000000000000000000000000000000000
06000000000000000000000000000000000000470244729796000000000000000000672787859482002140000000000000142023043000000000000000000000000000000000000000000000000000000000000000000000000000000000000000
06000000000000000000000000000000000000927395207498000000000000000000853138491635002140000000000000142023042300000000000000000000000000000000000000000000000000000000000000000000000000000000000000
090000000240000000000000336                                                                                                                                                                             
