0100007818981370000000473308540612000202306221456A                                                                                                                                                                          
06000000000000000000000000000000000000136854716158000000000000000000722803330868002140000000000000142023050400000000000000000000000000000000000000000000000000000000000000000000000000000000000000
06000000000000000000000000000000000000394440796541000000000000000000914936327847002140000000000000142023042400000000000000000000000000000000000000000000000000000000000000000000000000000000000000
06000000000000000000000000000000000000909551519238000000000000000000882133842523002140000000000000142023050600000000000000000000000000000000000000000000000000000000000000000000000000000000000000
06000000000000000000000000000000000000916917469821000000000000000000875807395492002140000000000000142023042700000000000000000000000000000000000000000000000000000000000000000000000000000000000000
06000000000000000000000000000000000000718029212893000000000000000000906238704105002140000000000000142023050400000000000000000000000000000000000000000000000000000000000000000000000000000000000000
06000000000000000000000000000000000000933062003363000000000000000000529088293223002140000000000000142023050600000000000000000000000000000000000000000000000000000000000000000000000000000000000000
06000000000000000000000000000000000000179811407043000000000000000000331037453602002140000000000000142023051600000000000000000000000000000000000000000000000000000000000000000000000000000000000000
06000000000000000000000000000000000000307004721658000000000000000000545132866673002140000000000000142023051000000000000000000000000000000000000000000000000000000000000000000000000000000000000000
06000000000000000000000000000000000000915149009285000000000000000000788996282037002140000000000000142023050200000000000000000000000000000000000000000000000000000000000000000000000000000000000000
06000000000000000000000000000000000000157619658074000000000000000000775264037659002140000000000000142023051000000000000000000000000000000000000000000000000000000000000000000000000000000000000000
06000000000000000000000000000000000000230860952593000000000000000000382139100440002140000000000000142023051900000000000000000000000000000000000000000000000000000000000000000000000000000000000000
06000000000000000000000000000000000000925692049244000000000000000000254913815395002140000000000000142023051900000000000000000000000000000000000000000000000000000000000000000000000000000000000000
06000000000000000000000000000000000000168572634892000000000000000000271195009307002140000000000000142023050900000000000000000000000000000000000000000000000000000000000000000000000000000000000000
06000000000000000000000000000000000000214718571730000000000000000000630783858268002140000000000000142023051100000000000000000000000000000000000000000000000000000000000000000000000000000000000000
06000000000000000000000000000000000000496709992939000000000000000000985294232645002140000000000000142023042700000000000000000000000000000000000000000000000000000000000000000000000000000000000000
06000000000000000000000000000000000000164126366483000000000000000000667892801958002140000000000000142023051900000000000000000000000000000000000000000000000000000000000000000000000000000000000000
06000000000000000000000000000000000000889678937303000000000000000000674445202024002140000000000000142023042400000000000000000000000000000000000000000000000000000000000000000000000000000000000000
06000000000000000000000000000000000000481310376506000000000000000000953708071105002140000000000000142023050100000000000000000000000000000000000000000000000000000000000000000000000000000000000000
06000000000000000000000000000000000000110526362100000000000000000000375810864481002140000000000000142023051200000000000000000000000000000000000000000000000000000000000000000000000000000000000000
06000000000000000000000000000000000000530396883924000000000000000000108379735871002140000000000000142023051800000000000000000000000000000000000000000000000000000000000000000000000000000000000000
06000000000000000000000000000000000000206601088474000000000000000000171492632978002140000000000000142023051300000000000000000000000000000000000000000000000000000000000000000000000000000000000000
06000000000000000000000000000000000000354708652959000000000000000000134620396833002140000000000000142023052100000000000000000000000000000000000000000000000000000000000000000000000000000000000000
06000000000000000000000000000000000000151693576423000000000000000000667079545520002140000000000000142023051500000000000000000000000000000000000000000000000000000000000000000000000000000000000000
06000000000000000000000000000000000000266580738208000000000000000000276145614104002140000000000000142023042900000000000000000000000000000000000000000000000000000000000000000000000000000000000000
06000000000000000000000000000000000000623453793105000000000000000000800768381197002140000000000000142023043000000000000000000000000000000000000000000000000000000000000000000000000000000000000000
090000000250000000000000350                                                                                                                                                                             
