0100009866207352190000102364038877000202306221532A                                                                                                                                                                          
06000000000000000000000000000000000000120375963391000000000000000000393400795652002140000000000000142023051500000000000000000000000000000000000000000000000000000000000000000000000000000000000048
06000000000000000000000000000000000000222101266328000000000000000000226940576406002140000000000000142023051000000000000000000000000000000000000000000000000000000000000000000000000000000000000048
06000000000000000000000000000000000000413909152371000000000000000000786775552191002140000000000000142023042400000000000000000000000000000000000000000000000000000000000000000000000000000000000048
06000000000000000000000000000000000000271511815372000000000000000000985130417874002140000000000000142023042400000000000000000000000000000000000000000000000000000000000000000000000000000000000048
06000000000000000000000000000000000000659245565080000000000000000000667875844151002140000000000000142023050400000000000000000000000000000000000000000000000000000000000000000000000000000000000048
06000000000000000000000000000000000000525223922344000000000000000000856183201384002140000000000000142023050800000000000000000000000000000000000000000000000000000000000000000000000000000000000048
06000000000000000000000000000000000000117364535587000000000000000000508257768805002140000000000000142023051600000000000000000000000000000000000000000000000000000000000000000000000000000000000048
06000000000000000000000000000000000000264333456961000000000000000000889471624760002140000000000000142023051600000000000000000000000000000000000000000000000000000000000000000000000000000000000048
06000000000000000000000000000000000000980755758212000000000000000000127401593037002140000000000000142023051700000000000000000000000000000000000000000000000000000000000000000000000000000000000048
06000000000000000000000000000000000000412952735992000000000000000000787125738476002140000000000000142023050300000000000000000000000000000000000000000000000000000000000000000000000000000000000048
06000000000000000000000000000000000000609559827831000000000000000000613470499756002140000000000000142023052100000000000000000000000000000000000000000000000000000000000000000000000000000000000048
06000000000000000000000000000000000000176469010856000000000000000000137932769231002140000000000000142023050300000000000000000000000000000000000000000000000000000000000000000000000000000000000048
06000000000000000000000000000000000000658499867654000000000000000000792426436477002140000000000000142023050100000000000000000000000000000000000000000000000000000000000000000000000000000000000048
06000000000000000000000000000000000000313495277577000000000000000000838168634807002140000000000000142023050300000000000000000000000000000000000000000000000000000000000000000000000000000000000048
06000000000000000000000000000000000000381335221284000000000000000000568528772045002140000000000000142023050200000000000000000000000000000000000000000000000000000000000000000000000000000000000048
06000000000000000000000000000000000000408308427315000000000000000000904391498173002140000000000000142023050100000000000000000000000000000000000000000000000000000000000000000000000000000000000048
06000000000000000000000000000000000000460526463145000000000000000000470049651402002140000000000000142023042900000000000000000000000000000000000000000000000000000000000000000000000000000000000048
06000000000000000000000000000000000000669024374645000000000000000000691366570118002140000000000000142023052100000000000000000000000000000000000000000000000000000000000000000000000000000000000048
06000000000000000000000000000000000000367226189969000000000000000000138456128204002140000000000000142023050600000000000000000000000000000000000000000000000000000000000000000000000000000000000048
06000000000000000000000000000000000000827163908804000000000000000000617334306942002140000000000000142023050600000000000000000000000000000000000000000000000000000000000000000000000000000000000048
06000000000000000000000000000000000000118609596055000000000000000000506722309120002140000000000000142023042400000000000000000000000000000000000000000000000000000000000000000000000000000000000048
06000000000000000000000000000000000000200108632692000000000000000000382175785950002140000000000000142023042600000000000000000000000000000000000000000000000000000000000000000000000000000000000048
06000000000000000000000000000000000000194678746088000000000000000000109889994404002140000000000000142023050300000000000000000000000000000000000000000000000000000000000000000000000000000000000048
06000000000000000000000000000000000000642860882371000000000000000000124796136992002140000000000000142023051200000000000000000000000000000000000000000000000000000000000000000000000000000000000048
06000000000000000000000000000000000000778152002727000000000000000000770478470024002140000000000000142023051200000000000000000000000000000000000000000000000000000000000000000000000000000000000048
090000000250000000000000350                                                                                                                                                                             
