01193818817471712943014253108606698865000000202306211720A                                                                                                                                                                          
0600000000000000000000000000000000000073441905491300000000000000000017762431606400000000000140000000000000142023122400000000000000000000000000000000000000000000000000000000000000000000000000000000000000
0600000000000000000000000000000000000067071299896300000000000000000047093457591500100000000140000000000000142023080700000000000000000000000000000000000000000000000000000000000000000000000000000000000000
0600000000000000000000000000000000000038695618099000000000000000000081959017097400200000000140000000000000142023112100000000000000000000000000000000000000000000000000000000000000000000000000000000000000
0600000000000000000000000000000000000026293780109900000000000000000074928404538300300000000140000000000000142023100900000000000000000000000000000000000000000000000000000000000000000000000000000000000000
0600000000000000000000000000000000000027923164963300000000000000000037946373193400400000000140000000000000142024032300000000000000000000000000000000000000000000000000000000000000000000000000000000000000
0600000000000000000000000000000000000021499277082700000000000000000048648370850900500000000140000000000000142023121100000000000000000000000000000000000000000000000000000000000000000000000000000000000000
0600000000000000000000000000000000000013645470426400000000000000000050813319809900600000000140000000000000142024050600000000000000000000000000000000000000000000000000000000000000000000000000000000000000
0600000000000000000000000000000000000053022807503800000000000000000041626707772300700000000140000000000000142023112600000000000000000000000000000000000000000000000000000000000000000000000000000000000000
0600000000000000000000000000000000000016701822231200000000000000000097974584320700800000000140000000000000142024041700000000000000000000000000000000000000000000000000000000000000000000000000000000000000
0600000000000000000000000000000000000030453089591200000000000000000018253226852500900000000140000000000000142024012600000000000000000000000000000000000000000000000000000000000000000000000000000000000000
0600000000000000000000000000000000000059012222916900000000000000000045693389231701000000000140000000000000142024020800000000000000000000000000000000000000000000000000000000000000000000000000000000000000
0600000000000000000000000000000000000065347205749100000000000000000070264633876701100000000140000000000000142024061400000000000000000000000000000000000000000000000000000000000000000000000000000000000000
09000000012000000000000000014                                                                                                                                                                             
