0148848343159153706630967749046607531300000016:04:592023/06/21A                                                                                                                                                                          
0600000000000000000000000000000000000064444476570800000000000000000027272153179400000000000000000000000014142023062100000000000000000000000000000000000000000000000000000000000000000000000000000000000000
0600000000000000000000000000000000000079678324433200000000000000000017607893030700100000000000000000000014142023062100000000000000000000000000000000000000000000000000000000000000000000000000000000000000
0600000000000000000000000000000000000044025815196200000000000000000014215631401500200000000000000000000014142023062100000000000000000000000000000000000000000000000000000000000000000000000000000000000000
0600000000000000000000000000000000000044189140614300000000000000000039795519617200300000000000000000000014142023062100000000000000000000000000000000000000000000000000000000000000000000000000000000000000
0600000000000000000000000000000000000027101294862200000000000000000040861269825000400000000000000000000014142023062100000000000000000000000000000000000000000000000000000000000000000000000000000000000000
0600000000000000000000000000000000000034098303051400000000000000000026761068157100500000000000000000000014142023062100000000000000000000000000000000000000000000000000000000000000000000000000000000000000
0600000000000000000000000000000000000050017078142900000000000000000080559626024500600000000000000000000014142023062100000000000000000000000000000000000000000000000000000000000000000000000000000000000000
0600000000000000000000000000000000000015818663943500000000000000000070062977770400700000000000000000000014142023062100000000000000000000000000000000000000000000000000000000000000000000000000000000000000
0600000000000000000000000000000000000013624726117400000000000000000011751670172700800000000000000000000014142023062100000000000000000000000000000000000000000000000000000000000000000000000000000000000000
0600000000000000000000000000000000000088847790031800000000000000000078582171261400900000000000000000000014142023062100000000000000000000000000000000000000000000000000000000000000000000000000000000000000
0600000000000000000000000000000000000084033682939600000000000000000065700055118701000000000000000000000014142023062100000000000000000000000000000000000000000000000000000000000000000000000000000000000000
0600000000000000000000000000000000000026486195127600000000000000000068744457156501100000000000000000000014142023062100000000000000000000000000000000000000000000000000000000000000000000000000000000000000
09000000012000000000000000014                                                                                                                                                                             
